           1   116.31524035901052     
           2   218.92425342904900     
           3   175.72263248692386     
           4   36.286686557945572     
           5   22.034023233974267     
           6   13.114858216504910     
           7   7.2666345764799161     
           8   3.8990154210223533     
           9   1.9171693349876127     
          10   1.0761529691327136     
          11  0.77423767423190692     
          12  0.69053649811566997     
          13  0.57491126670284354     
          14  0.36850902196155377     
          15  0.27675684384077437     
          16  0.19571057401449973     
          17  0.17158037124948280     
          18  0.12409985644232779     
          19   8.5363482579884201E-002
          20   4.5517273378801716E-002
          21   4.9657410329906261E-002
          22   3.2834186847466085E-002
          23   2.6317520413921498E-002
          24   1.7396329349703636E-002
          25   1.3782380907303774E-002
          26   1.1963707779203152E-002
          27   1.1381758665110634E-002
          28   8.0832152807049067E-003
          29   5.8058632382146083E-003
          30   4.0636259512769292E-003
          31   2.8870069190288293E-003
          32   2.1679613508372841E-003
          33   1.4604675115434513E-003
          34   1.1115387231220330E-003
          35   1.1224397124667339E-003
          36   9.2057397676547313E-004
          37   7.9707240655466679E-004
          38   5.5613484017723661E-004
          39   4.1058121765743161E-004
          40   2.6098087303876564E-004
          41   1.8357471444272076E-004
          42   1.5450762296135111E-004
          43   1.2301992004955597E-004
          44   9.4165679556542403E-005
          45   8.3578689367547033E-005
          46   6.9115414862218463E-005
          47   4.8621116375386108E-005
          48   3.7038900090491906E-005
          49   2.8418155041346021E-005
          50   2.1148731160985342E-005
          51   1.5598100099966072E-005
          52   1.2621378168692172E-005
          53   8.4928633905916051E-006
          54   6.8062185029763890E-006
          55   4.6407349902924402E-006
          56   4.0600720651826162E-006
          57   3.3294166325946210E-006
          58   2.7817554364367436E-006
          59   2.1356775565089597E-006
          60   1.6385756030488941E-006
          61   1.1410394056767830E-006
          62   8.7917091501820744E-007
          63   5.9863335556916871E-007
          64   4.4135489060201762E-007


           1   253.95912833586357     
           2   333.38089108489834     
           3   134.54221314749677     
           4   28.872035813003162     
           5   9.5198058579120275     
           6   5.5923283176406109     
           7   4.7791651392656069     
           8   3.0382175777867695     
           9   1.7391038440366968     
          10   1.2663594674065526     
          11  0.64064004826205134     
          12  0.38635733728553240     
          13  0.36884621659381117     
          14  0.32837447745419784     
          15  0.17483264426906139     
          16   9.4102898781550579E-002
          17  0.11378017440628350     
          18   9.6036638441982264E-002
          19   6.4910081011506596E-002
          20   3.9096792358197220E-002
          21   3.5562163177889516E-002
          22   3.0860048965782771E-002
          23   1.6816012492119677E-002
          24   1.3280394613179912E-002
          25   1.0301982726881646E-002
          26   8.2181485736645080E-003
          27   5.5643563461725979E-003
          28   5.5168158534578925E-003
          29   4.1935047097817306E-003
          30   2.5226559754538669E-003
          31   2.0632735406733694E-003
          32   2.2997894374969332E-003
          33   1.6078906591348965E-003
          34   7.8240205652482244E-004
          35   5.9291884236522120E-004
          36   6.3166123119461634E-004
          37   5.2037999717609372E-004
          38   2.9597968276640828E-004
          39   2.4391543064668982E-004
          40   2.2739796165311652E-004
          41   1.6279597909503397E-004
          42   1.2653640448440667E-004
          43   1.1894596353605706E-004
          44   8.0491439212979584E-005
          45   4.9238682361299041E-005
          46   3.8406781186473911E-005
          47   3.7612361550267262E-005
          48   2.6175189869668232E-005
          49   1.3539431087096984E-005
          50   1.3912913502984963E-005
          51   1.3764104235356700E-005
          52   1.0171140834177202E-005
          53   5.8507365619019678E-006
          54   5.2720393352745655E-006
          55   4.7759656815618454E-006
          56   3.1627430580325112E-006
          57   2.2214564235598822E-006
          58   1.7414288870039555E-006
          59   1.2256555935523728E-006
          60   9.4282111617986072E-007
          61   8.2244316339277991E-007
          62   7.5523759440272254E-007
          63   4.9038223467042470E-007
          64   3.4879562286183294E-007


           1   280.44343062085807     
           2   437.40684991735486     
           3   73.232185781531641     
           4   26.233903708453202     
           5   10.804464161470563     
           6   4.4814990401259758     
           7   2.7944718217066051     
           8   1.8078273830239737     
           9   1.5389193712301230     
          10  0.98156841664574479     
          11  0.44091689345566970     
          12  0.38809562117511953     
          13  0.26622701780259894     
          14  0.26807090867825223     
          15  0.13881412046657232     
          16   9.7875237763381001E-002
          17   8.8548530457913971E-002
          18   5.9982975238846443E-002
          19   5.3452817783144743E-002
          20   3.5100977770387821E-002
          21   2.4494869256132503E-002
          22   1.6638994301141633E-002
          23   1.5583836565635230E-002
          24   1.3198684048560066E-002
          25   1.0784142765633217E-002
          26   5.2128745603460588E-003
          27   4.0473677552761399E-003
          28   4.2268824654716182E-003
          29   3.5802837940608562E-003
          30   2.4606804986252802E-003
          31   1.5348452973817648E-003
          32   1.2755623491164905E-003
          33   1.0521538113515605E-003
          34   9.0933398357797071E-004
          35   7.0168312385458852E-004
          36   4.0553625238908236E-004
          37   3.1718092376182438E-004
          38   2.9535734897787622E-004
          39   2.4388987341492647E-004
          40   1.9993614888808825E-004
          41   1.0639805031872786E-004
          42   8.2144450286103480E-005
          43   7.5379774548481164E-005
          44   6.7755850190057411E-005
          45   5.4992377485657429E-005
          46   2.9298199959687222E-005
          47   2.2970822315298271E-005
          48   2.0002191593090500E-005
          49   1.8868225185231484E-005
          50   1.2950789607432580E-005
          51   8.0724852885959057E-006
          52   6.4752691506661683E-006
          53   5.7919688279537518E-006
          54   4.7902304036990010E-006
          55   3.5583637227673157E-006
          56   2.0672302879382154E-006
          57   1.6329838784247405E-006
          58   1.5178571754106495E-006
          59   1.1546426794917952E-006
          60   1.0464275637001960E-006
          61   5.2749719952339535E-007
          62   4.3863945946331438E-007
          63   4.0034604964472661E-007
          64   3.5296901716417499E-007


           1   593.95862376045068     
           2   376.98395498838374     
           3   44.899607165178679     
           4   24.918466209405889     
           5   9.8622000757342523     
           6   4.3687735957897038     
           7   2.3488133184534692     
           8   1.2562711289552588     
           9   1.3073514741623469     
          10  0.91919336156525921     
          11  0.50435252268080522     
          12  0.33760998055524510     
          13  0.20007729288636850     
          14  0.16378119047088383     
          15  0.17292507029043122     
          16  0.10368044639245758     
          17   7.7298559950196119E-002
          18   4.4392656921497721E-002
          19   3.2096594619159591E-002
          20   3.6014201222540829E-002
          21   2.3626040128316123E-002
          22   2.1621126925650748E-002
          23   1.2561155350908949E-002
          24   7.8585676391677520E-003
          25   6.6247301335785325E-003
          26   6.3979746770401842E-003
          27   5.7120004512939259E-003
          28   3.5699562962273543E-003
          29   2.3734647993393274E-003
          30   1.5335613405754219E-003
          31   1.5836050912773961E-003
          32   1.2798620337752470E-003
          33   1.0668022266284315E-003
          34   7.4950633920069318E-004
          35   4.2484856406854840E-004
          36   3.5547774697820172E-004
          37   3.0387410109211920E-004
          38   3.0508626737824648E-004
          39   2.1089301675414012E-004
          40   1.3888017183968923E-004
          41   9.2645651071784950E-005
          42   7.6144686187932533E-005
          43   6.9678769783949819E-005
          44   6.0730646986044759E-005
          45   4.3335268606856976E-005
          46   2.5859910187799185E-005
          47   1.9315351564631594E-005
          48   1.7025508294523331E-005
          49   1.5461630282119966E-005
          50   1.1675540119661330E-005
          51   8.1381966986581708E-006
          52   5.4153585120474399E-006
          53   3.9647137896632660E-006
          54   3.5957114556893809E-006
          55   3.2854266521293140E-006
          56   2.3315097719311874E-006
          57   1.4489057656233958E-006
          58   1.0098965049951808E-006
          59   8.6566391520429894E-007
          60   8.0438376923121836E-007
          61   6.0622569469955662E-007
          62   4.7702317392935718E-007
          63   3.0059207740933374E-007
          64   2.3497547551700771E-007


           1   709.15199543167000     
           2   338.94147087284404     
           3   43.566924969346424     
           4   22.570531036963260     
           5   8.5055669290810236     
           6   5.9915538825455021     
           7   2.3398438562960853     
           8   1.5296451053411422     
           9  0.86052892878043052     
          10  0.75075306818013599     
          11  0.58845569849048174     
          12  0.42410388129893867     
          13  0.22631836411206388     
          14  0.16485738984354209     
          15  0.10361632541314261     
          16   9.3447884198309100E-002
          17   7.9829933574923947E-002
          18   6.1201606108104607E-002
          19   4.2693503871527261E-002
          20   3.2171312754729793E-002
          21   2.0045440717855689E-002
          22   1.3976560351020947E-002
          23   1.3133108104025192E-002
          24   1.0931123520005569E-002
          25   9.3957719924489327E-003
          26   5.7554965789625582E-003
          27   4.0690916314223158E-003
          28   2.9297490820327219E-003
          29   2.2631750879968976E-003
          30   2.0607849410534417E-003
          31   1.9196206329662898E-003
          32   1.2568145777093111E-003
          33   9.1392621043694024E-004
          34   6.0200132200918072E-004
          35   4.6634710917097617E-004
          36   3.8563027262860879E-004
          37   3.4094308187418979E-004
          38   2.8436435186364418E-004
          39   2.1004635804879295E-004
          40   1.2885603917114856E-004
          41   9.6868557567536746E-005
          42   7.1349767600573419E-005
          43   7.0595141726452024E-005
          44   5.6371423573254873E-005
          45   4.8198207077615954E-005
          46   2.6604106334239521E-005
          47   2.0825565485186801E-005
          48   1.4391108189642729E-005
          49   1.3083323957765704E-005
          50   1.1674260598291969E-005
          51   8.9765511759890950E-006
          52   6.6011369575777852E-006
          53   4.7341155990767501E-006
          54   2.8426603894988178E-006
          55   2.4667621001638640E-006
          56   2.0304618630829924E-006
          57   1.8986407012075816E-006
          58   1.4350748946392568E-006
          59   9.7742456345367001E-007
          60   6.1398708464732229E-007
          61   4.6913281065563314E-007
          62   4.1084761001132707E-007
          63   3.8673657541605925E-007
          64   3.1399767613586310E-007


